9	66471831	66472048	23	-
3	38291912	38292094	21	-
10	18588361	18588491	21	+
9	70463160	70463394	21	+
11	3832147	3832392	22	-
2	49368617	49368771	21	-
13	57495005	57495194	24	-
8	56322695	56322819	21	-
5	4343449	4343648	24	+
10	26764203	26764421	24	+
6	6562297	6562419	22	-
1	7969936	7970179	24	+
9	37350800	37350914	21	+
6	21468787	21468921	21	-
10	709526	709864	21	+
11	1104948	1105340	21	+
2	16902815	16902922	24	-
2	7413244	7413367	21	-
13	51813671	51813968	21	+
3	304593	304722	21	+
5	40491846	40491982	24	+
3	18899133	18899351	21	+
10	6475823	6476011	22	-
6	35610897	35610995	23	+
9	11531302	11531654	22	+
1	614802	614963	21	+
2	60344579	60344756	24	-
1	10368586	10368973	24	+
11	60619112	60619461	21	+
8	50168674	50168818	24	-
7	20243027	20243245	24	-
10	1206805	1207092	25	+
5	3507088	3507242	22	+
2	36389037	36389280	24	-
13	35193205	35193374	21	+
6	2568455	2568622	21	+
11	56636464	56636682	24	-
8	20127844	20128024	24	-
2	22248708	22249103	23	-
8	33878969	33879275	23	-
12	13510867	13511009	59	-
7	20243028	20243246	24	+
scaffold_64	8436	8567	21	+
7	3175702	3175831	21	+
1	52608266	52608410	21	-
4	47305048	47305274	24	-
13	13905940	13906267	24	-
5	144566	144675	24	-
3	35987164	35987306	24	+
3	9831772	9831941	21	+
2	53874723	53874991	24	-
11	62009462	62009698	24	+
2	23366310	23366481	21	-
8	44962392	44962623	24	-
11	56636465	56636683	24	+
11	54253067	54253278	24	+
9	16980379	16980554	24	+
4	4325733	4326131	21	+
4	34280597	34280994	23	-
5	59731051	59731240	21	-
2	31172747	31172965	24	+
7	25000312	25000712	24	+
5	63155047	63155217	21	+
13	53682034	53682157	21	-
4	761309	761427	21	+
13	32793326	32793432	21	+
9	3144252	3144382	21	-
1	8904516	8904639	21	+
13	41669861	41669987	21	+
11	56602026	56602144	21	-
3	32585617	32585745	21	-
6	44983208	44983413	21	-
1	2950436	2950560	20	+
1	45700827	45700961	21	-
9	4453003	4453126	21	+
6	48890362	48890473	21	+
1	6830146	6830269	21	+
8	56357495	56357714	21	+
1	21225914	21226080	21	-
12	529705	529825	21	+
8	39741850	39741990	21	+
5	63621105	63621294	21	+
13	30659937	30660061	22	-
4	8126522	8126638	21	+
6	44318210	44318386	21	+
3	18882122	18882290	21	+
12	34434313	34434429	21	-
9	5557555	5557677	21	+
7	42597477	42597614	22	+
1	55142279	55142410	21	-
9	29520400	29520520	21	-
4	42364732	42364913	21	-
5	63620951	63621077	21	+
4	32099131	32099251	21	+
7	11589612	11589704	21	+
6	42686471	42686592	21	+
1	3455239	3455360	21	+
7	51360491	51360620	21	-
10	61366920	61367043	21	+
7	10196380	10196512	21	+
1	54983671	54983783	21	+
9	5756942	5757063	20	+
3	284276	284405	21	-
6	3108737	3108929	20	-
13	49567257	49567393	21	-
3	16707057	16707185	21	-
8	49501220	49501359	20	+
7	5099145	5099282	21	+
7	8573919	8574081	21	+
8	49217718	49217834	21	+
7	11947284	11947404	21	-
1	48189570	48189680	21	+
7	3075103	3075235	20	+
7	44742649	44742762	21	+
11	55965078	55965204	21	+
3	40973035	40973150	21	-
11	8958309	8958422	21	+
2	55818484	55818620	21	+
10	48919836	48920201	22	-
13	57698876	57699001	21	-
13	13296464	13296694	21	+
9	14660563	14660696	21	+
12	35358116	35358315	21	-
11	59822102	59822222	21	+
9	63824686	63824816	21	+
1	49314456	49314569	21	-
13	1501268	1501437	20	+
11	954573	954702	21	+
6	49158052	49158176	21	-
7	47550197	47550318	22	-
11	59826554	59826692	20	+
7	22183441	22183541	21	-
5	56859211	56859402	21	+
9	26948235	26948398	20	+
9	8043840	8044023	21	-
8	12520454	12520568	21	-
12	14562947	14563063	21	-
9	282518	282673	22	-
3	41735660	41735766	21	+
9	37350589	37350752	22	+
9	40350396	40350513	22	-
8	36970858	36971042	21	+
3	44612216	44612343	21	-
8	367659	367787	21	-
scaffold_624	2974	3288	21	+
8	53528034	53528234	21	-
6	49174871	49175013	22	-
2	55648666	55648804	20	-
9	25257941	25258159	21	-
2	2250553	2250672	20	-
4	219858	219967	20	-
7	5099405	5099532	21	+
8	9804858	9804999	21	-
11	59816012	59816157	21	+
6	50912777	50912953	20	+
10	52647138	52647253	21	-
2	62574591	62574728	21	+
6	44230719	44230830	21	+
7	5569510	5569627	22	+
7	477290	477549	20	-
13	12663392	12663520	21	+
3	44628149	44628285	21	-
3	44555138	44555263	21	-
1	3166032	3166169	21	-
6	6628737	6628865	22	-
5	4448159	4448270	22	-
8	56232123	56232341	21	+
2	17245932	17246067	20	-
2	61688819	61688927	21	-
4	55320504	55320625	21	-
2	28202429	28202742	21	-
12	11312097	11312206	22	+
2	77564	77664	20	+
5	59108672	59108796	21	+
9	13477607	13477716	21	-
9	22353762	22353888	20	-
4	37771138	37771352	21	+
9	12374097	12374211	21	-
12	13836151	13836285	21	-
13	14698082	14698186	21	-
8	40496565	40496724	21	-
13	1408602	1408724	22	-
5	1562935	1563050	21	+
9	5766004	5766149	21	+
9	12377404	12377519	21	-
7	9582509	9582637	21	-
13	12483764	12483885	21	-
8	38812432	38812553	21	-
1	4243481	4243636	21	+
4	57185635	57185764	21	+
11	2828104	2828217	21	-
5	59365428	59365563	21	-
9	14608130	14608254	20	-
7	9106551	9106670	21	-
13	11402325	11402464	21	-
5	1567454	1567569	21	+
6	16566791	16566941	21	+
13	55312242	55312399	21	+
13	12637339	12637460	21	-
5	59360688	59360816	22	-
9	8086482	8086645	21	+
8	53684321	53684431	21	+
7	1793651	1793764	22	+
8	55810572	55810689	21	+
8	55463782	55463942	21	+
9	12363718	12363865	21	+
5	56775051	56775160	21	+
5	56339335	56339489	22	+
10	18588544	18588671	21	+
4	60947039	60947169	21	+
4	31028344	31028461	22	+
11	61083101	61083260	22	+
8	40007299	40007422	21	-
8	18622495	18622607	21	-
6	13375168	13375320	21	+
10	7617616	7617773	21	+
7	14082807	14082926	21	-
12	28641982	28642104	22	-
5	7800965	7801120	21	-
11	55877966	55878126	21	+
1	4251738	4251899	21	-
13	52278402	52278539	22	-
7	60185686	60185814	20	+
9	23650863	23651187	21	-
8	55813143	55813296	21	+
1	11418904	11419023	21	+
8	54626351	54626578	22	+
1	8898872	8898986	22	+
13	11500668	11500804	21	-
13	58084664	58084823	21	+
3	37185063	37185236	21	+
3	36545125	36545248	22	-
8	34538758	34538999	21	+
2	14528921	14529068	21	-
3	34901747	34901899	21	+
3	41144380	41144567	21	+
4	62016887	62017127	21	+
12	35047359	35047678	20	-
12	25770813	25770918	21	+
10	35173570	35173695	21	-
6	2333231	2333375	21	-
1	31715269	31715385	21	+
13	55319161	55319317	21	-
5	56355830	56356029	21	+
2	11723643	11723765	21	+
4	60967900	60968047	21	-
4	750139	750346	21	-
2	33880083	33880208	21	+
13	10539147	10539265	22	-
11	16266346	16266693	21	-
10	815803	815927	21	-
13	12485076	12485215	21	+
7	60245268	60245454	21	+
11	42131367	42131484	21	+
9	5762104	5762256	21	+
5	27992508	27992820	21	+
5	32168154	32168275	21	-
1	6260793	6260965	21	-
4	55514849	55514974	21	+
1	48135432	48135548	21	-
7	25630238	25630361	21	+
4	43629594	43629718	21	-
7	5568597	5568710	22	+
7	21190172	21190282	21	+
7	7854403	7854549	21	+
7	5250631	5250802	21	+
8	45419753	45419870	21	-
6	6277682	6277819	21	-
7	5561615	5561736	22	+
6	6252821	6252958	21	+
9	40330235	40330387	21	+
7	29414731	29414867	21	+
8	38140096	38140219	21	-
9	62059952	62060069	21	+
13	12638642	12638781	21	+
10	58201392	58201526	21	-
7	60137759	60137952	21	+
6	33149635	33149827	21	+
7	27471364	27471620	21	-
8	36086681	36086988	21	-
7	15243318	15243435	21	+
8	2424344	2424459	21	+
13	8355818	8355935	21	-
10	18588253	18588421	21	+
6	6273209	6273352	21	-
7	52735903	52736022	21	+
7	23197091	23197210	21	+
8	31302184	31302561	20	+
8	8998305	8998431	22	+
2	12840089	12840294	21	-
8	43363058	43363144	21	+
5	59271712	59271864	21	-
11	1045745	1046040	21	+
7	3057038	3057196	21	-
scaffold_64	791	918	22	+
11	61254010	61254146	21	-
11	24875826	24876162	22	+
10	4794137	4794260	21	+
12	5298960	5299072	21	-
11	32765423	32765575	21	+
scaffold_409	2777	2962	21	-
10	58234183	58234320	21	-
10	60952562	60952914	22	-
10	20668946	20669069	21	+
10	8936146	8936291	21	-
1	6791926	6792085	21	+
11	50861004	50861126	22	+
3	1507919	1508075	22	+
13	14300296	14300416	21	+
12	6720463	6720589	21	-
1	15645650	15645774	21	-
13	32676120	32676237	21	-
6	43323328	43323566	21	+
4	57903867	57904150	21	+
2	55759405	55759523	22	-
10	60537483	60537673	21	+
4	46437455	46437559	21	-
13	41501857	41501985	21	+
4	11590602	11590937	21	+
11	60619203	60619371	21	+
11	10115581	10115842	22	+
2	55761097	55761215	22	-
12	25047883	25048185	21	+
2	55778784	55778903	22	-
7	60151814	60151985	21	+
7	60188350	60188522	21	+
12	33911356	33911473	21	+
2	55751364	55751483	22	-
10	58241752	58242073	22	-
10	51660499	51660699	21	+
13	41535817	41535945	21	+
2	55717855	55717974	21	-
13	41576790	41576918	21	+
7	54335610	54335901	21	+
7	506243	506368	21	+
12	18605694	18605816	21	+
11	10142158	10142275	21	-
10	18556869	18556996	21	+
10	54260598	54260833	22	-
10	58775889	58776154	20	+
11	21404984	21405219	22	+
12	3740747	3740867	21	+
13	2969208	2969297	22	+
13	2969531	2969753	22	-
13	2972215	2972334	22	+
13	2973192	2973410	22	+
1	21226020	21226103	21	-
1	2950500	2950730	22	+
1	54985894	54986127	21	+
1	55142103	55142338	21	-
1	55326462	55326706	21	-
1	6791825	6792086	21	+
2	55818562	55818693	20	+
2	62163035	62163263	22	-
3	16706830	16706957	21	-
3	37471577	37471716	21	+
4	12325021	12325132	21	-
4	47815816	47815962	21	+
5	56355970	56356073	21	+
5	63787315	63787427	22	+
5	9817346	9817610	20	-
5	9817855	9817932	20	-
6	1538332	1538564	22	-
6	28706218	28706337	22	+
6	44983253	44983371	21	-
7	11589645	11589754	20	+
7	5670460	5670656	21	+
7	8919029	8919115	21	-
9	11635109	11635193	21	+
9	29520283	29520460	21	-
9	32248035	32248154	21	-
9	53000216	53000371	21	+
